-0.164985 6.52682 -1.6559 4.2349 1.70605 1.43488 1.5987 0.836421 0
-7.50711 -8.58607 -1.83661 4.28482 1.78443 1.52407 0.117949 0.8288 0
5.19249 -11.7207 -2.12381 4.48607 1.84558 1.59527 -1.54001 0.805479 0
-1.76888 -5.49057 -1.89315 4.33533 1.78269 1.6019 1.25605 0.798187 0
9.14442 15.5512 -1.44633 0.737354 0.652462 1.75249 2.84422 0.723798 8
-5.20034 -25.1666 -2.34227 4.42948 1.88198 1.70023 3.18497 0.721547 0
-16.2544 -8.32925 -1.52646 4.68303 1.94077 1.55148 3.07751 0.716516 0
-20.4197 -18.7279 -1.76262 4.53452 1.90696 1.53116 0.079518 0.697712 0
-16.6825 -11.3806 -1.60001 4.55671 1.91255 1.72532 3.23219 0.628407 0
-20.334 -5.78626 -1.21856 4.69219 1.93415 1.58324 -0.0275412 0.614105 0
-25.3338 -21.2671 -0.954996 0.588444 0.637971 1.77835 0.270877 0.547464 8
-10.724 -24.538 -2.19713 4.78473 2.02104 1.8519 3.18651 0.514194 0
-5.34434 -27.7649 -2.43125 4.39072 1.90602 1.7144 3.11842 0.496185 0
-10.2743 -36.4535 -2.49898 4.48169 1.93888 1.62158 3.15095 0.472349 0
-25.9758 -21.9306 -0.867651 0.577062 0.637037 1.79054 0.358034 0.45042 8
8.62834 14.8396 -1.43296 0.730902 0.652462 1.76623 2.96539 0.436742 8
-21.3349 -34.0932 -2.11278 4.71055 1.9936 1.74736 -0.0072577 0.433142 0
-10.1969 -31.6813 -2.39588 4.41652 1.94742 1.63589 3.14254 0.424531 0
-21.2932 -36.4581 -2.1757 4.64659 1.9936 1.71607 -0.00337732 0.409103 0
-2.85551 -36.4704 -2.68348 1.95599 0.704103 1.54204 -1.53773 0.395193 6
-0.414911 14.7207 -1.45974 4.48607 1.83659 1.72195 1.47701 0.387169 0
-2.95187 -32.5229 -2.5727 1.99457 0.688969 1.46676 -1.48144 0.367951 6
-10.2311 -28.5252 -2.3143 4.45551 1.96078 1.68782 3.17089 0.367838 0
-10.2516 -34.9316 -2.46737 4.47731 1.93982 1.60896 3.15581 0.352202 0
-25.1064 -20.7458 -0.937143 0.590747 0.632079 1.76278 0.188655 0.342022 8
9.73265 16.2416 -1.44522 0.748234 0.654057 1.73207 2.81117 0.33939 8
-0.241778 21.0919 -1.17414 4.26395 1.77921 1.68535 1.55249 0.338077 0
-21.2728 -32.5276 -2.06573 4.54782 1.94742 1.64591 0.00496316 0.308815 0
-10.2322 -33.2677 -2.42437 4.42948 1.93509 1.60386 3.14325 0.308086 0
-21.9384 -28.4747 -1.90292 4.47731 1.91723 1.60073 -0.0201752 0.300438 0
-2.8516 -34.9229 -2.64304 2.02006 0.712229 1.51962 -1.50708 0.299925 6
1.19903 -49.2861 -2.90328 4.41221 1.8829 1.6837 1.59757 0.290477 0
-25.9822 -4.37902 0.0536325 0.689811 0.655976 1.62713 3.72733 0.289673 8
-21.2542 -38.0356 -2.22132 4.61944 1.9936 1.6649 -0.00132966 0.284576 0
-21.3365 -26.8621 -1.88952 4.56116 1.93699 1.62792 -0.0883479 0.282394 0
-10.6949 -26.0009 -2.23473 4.64659 1.99945 1.76278 3.16624 0.272702 0
-25.2794 -4.35941 -0.0246915 0.68061 0.6531 1.61328 4.13974 0.266644 8
-3.23336 21.9721 -1.1099 0.276607 0.273652 1.01055 0.538804 0.264358 9
-5.25677 -44.49 -2.75436 4.30159 1.83928 1.57245 3.18786 0.263031 0
-3.35111 22.5763 -1.10677 0.281238 0.273652 1.04098 0.583902 0.259263 9
-5.24457 -46.072 -2.79065 4.36933 1.86642 1.59683 3.19002 0.255344 0
-10.001 -22.9466 -2.15663 4.75678 2.00336 1.85461 3.16691 0.248534 0
-22.0043 -30.0431 -1.96174 4.45986 1.90882 1.57514 -0.000695109 0.248352 0
-26.7642 -4.43463 0.124095 0.702386 0.665331 1.64229 3.55931 0.242923 8
-3.42828 -32.5004 -2.55821 2.21535 0.74459 1.55337 -1.51428 0.240596 6
-10.1964 -30.081 -2.35761 4.47294 1.96653 1.67796 3.16159 0.238461 0
-21.2726 -39.57 -2.27036 4.64205 2.00336 1.65517 -0.0166636 0.23231 0
-5.25228 -47.6621 -2.83133 4.4036 1.88935 1.63031 3.18335 0.229881 0
-5.13519 -37.2895 -2.66215 4.43814 1.91535 1.61053 3.35747 0.226099 0
-5.25901 -42.9223 -2.72356 4.28482 1.83122 1.56632 3.17507 0.218336 0
-10.6614 -37.9583 -2.49567 4.52567 1.93415 1.63709 3.15083 0.218003 0
-9.18973 -21.3651 -2.08728 4.63752 1.95027 1.85099 3.17937 0.214527 0
-26.5685 -22.1501 -0.792932 0.582725 0.633006 1.79931 0.507433 0.207696 8
6.21995 12.8269 -1.39108 0.321812 0.322756 0.772363 3.20935 0.204819 9
-0.263924 17.8909 -1.31687 4.45551 1.80812 1.73038 1.5352 0.201342 0
-5.29129 -49.2566 -2.8661 4.45551 1.90138 1.66897 3.16535 0.200558 0
-27.5705 -4.50846 0.175027 0.720801 0.67978 1.66409 3.43772 0.199776 8
-5.34418 -50.8751 -2.90735 4.49045 1.92661 1.66653 3.15205 0.188772 0
-1.15169 29.0578 -1.06033 4.25147 1.74907 1.54694 1.68527 0.181118 0
-2.83182 -37.9639 -2.68022 1.86278 0.684109 1.55717 -1.5702 0.180829 6
-28.3722 -4.55744 0.199386 0.741687 0.695051 1.67387 3.30374 0.174551 8
-5.14811 -38.8635 -2.67588 4.44247 1.90045 1.62991 3.25444 0.173849 0
-5.19547 -41.3053 -2.69931 4.31421 1.84558 1.58131 3.18755 0.167763 0
-26.7428 -22.6805 -0.834299 0.581021 0.635484 1.81519 0.664242 0.167219 8
-24.5639 -4.37929 -0.135031 0.65967 0.64865 1.56403 -1.38692 0.167219 8
-3.52671 23.3411 -1.08854 0.284275 0.284831 1.08053 0.781545 0.166947 9
-2.93832 21.2863 -1.16856 0.272585 0.290733 1.16059 0.763452 0.164785 9
-3.5057 -36.474 -2.65433 2.53372 0.882066 1.5511 -1.55367 0.163445 6
-2.96866 -30.9889 -2.53702 1.97712 0.675643 1.43243 -1.47585 0.159479 6
-5.30304 -29.0367 -2.48502 4.33533 1.87556 1.66897 3.19007 0.157137 0
-5.18572 -35.7548 -2.63667 4.38643 1.90138 1.59527 3.54395 0.156105 0
1.25508 -46.1803 -2.84875 4.35229 1.87007 1.6936 1.62101 0.149904 0
-29.1498 -4.56231 0.20765 0.760946 0.705652 1.687 3.1753 0.147187 8
-1.08951 25.8769 -1.08767 4.24732 1.75078 1.60739 1.62695 0.145115 0
-3.45287 -34.0292 -2.59539 2.31714 0.785484 1.56212 -1.52269 0.144631 6
-3.55965 -29.3021 -2.48356 2.1139 0.717815 1.46283 4.70279 0.141519 6
-24.4432 -19.942 -1.0527 0.597711 0.626243 1.75934 0.1818 0.141519 8
-1.93337 49.9168 -0.71098 4.28064 1.92567 1.56977 3.05569 0.140926 0
-30.7509 -0.31889 0.101232 0.752815 0.675479 1.73885 1.9246 0.140808 8
-30.0387 -0.328065 0.113686 0.721153 0.656617 1.61644 1.97471 0.135232 8
-25.7699 -20.7695 -0.807201 0.585006 0.634553 1.72447 0.169366 0.133867 8
0.373491 23.4006 -1.12078 4.289 1.78095 1.66165 1.57693 0.131731 0
-26.012 -5.00395 0.0293665 0.70376 0.651825 1.55907 4.16936 0.128635 8
-3.05106 -29.3578 -2.53533 1.96461 0.671204 1.41436 -1.50344 0.126785 6
-2.39416 -33.2697 -2.62972 2.05187 0.712925 1.43104 -1.48052 0.121581 6
-2.41976 -35.7109 -2.70019 1.97037 0.708068 1.47286 -1.50909 0.121373 6
-2.7059 42.6775 -0.755789 4.33109 1.85371 1.57092 2.89244 0.119717 0
8.38365 14.2054 -1.44327 0.744408 0.651825 1.7542 2.96936 0.119408 8
0.580151 -51.7353 -2.99331 4.56116 1.91535 1.75334 1.6497 0.116362 0
-25.2508 -5.0141 -0.0834317 0.68294 0.647701 1.53528 -1.51352 0.116362 8
-10.7784 -39.5644 -2.51163 4.47294 1.91723 1.59956 3.14351 0.111434 0
-29.9267 -4.54003 0.207878 0.784334 0.71729 1.70189 3.05469 0.109515 8
-31.5091 -0.303501 0.110311 0.774251 0.688801 1.79843 1.84145 0.107625 8
-3.61 24.1604 -1.06942 0.296467 0.305579 1.12008 0.901873 0.106877 9
-21.2283 -41.1497 -2.32624 4.64659 1.9936 1.64792 -0.0219277 0.103749 0
-2.43845 -37.2046 -2.73327 1.88842 0.704447 1.49861 -1.53231 0.101589 6
-21.19 -25.4012 -1.84276 4.66477 1.96749 1.67142 -0.105581 0.100879 0
7.71114 13.9525 -1.43126 0.676469 0.625937 1.66897 3.02016 0.100525 8
-3.47478 -30.9501 -2.5136 2.18954 0.74223 1.51628 -1.48313 0.100348 6
